1.000000000000000000e+02 5.690160304185719678e-03
1.500000000000000000e+02 3.382027993258381049e-03
2.000000000000000000e+02 2.330989352245588491e-03
2.500000000000000000e+02 1.742264410856688610e-03
3.000000000000000000e+02 1.370817317505298397e-03
3.500000000000000000e+02 1.117506350153759384e-03
4.000000000000000000e+02 9.350269909328206511e-04
4.500000000000000000e+02 7.980990844998764192e-04
5.000000000000000000e+02 6.920601851874315629e-04
5.500000000000000000e+02 6.078512751945972176e-04
6.000000000000000000e+02 5.395894630451556449e-04
6.500000000000000000e+02 4.832990852234156408e-04
7.000000000000000000e+02 4.362032210913045771e-04
7.500000000000000000e+02 3.963074844815155464e-04
8.000000000000000000e+02 3.621451125355334868e-04
8.500000000000000000e+02 3.326150171104133731e-04
9.000000000000000000e+02 3.068756487420855154e-04
9.500000000000000000e+02 2.842735676580244618e-04
1.000000000000000000e+03 2.642941440646063688e-04
