1.000000000000000000e+02 5.690160304214120401e+01
1.500000000000000000e+02 3.382027993260690124e+01
2.000000000000000000e+02 2.330989352233289935e+01
2.500000000000000000e+02 1.742264410863557345e+01
3.000000000000000000e+02 1.370817317526711854e+01
3.500000000000000000e+02 1.117506350170711293e+01
4.000000000000000000e+02 9.350269909152880032e+00
4.500000000000000000e+02 7.980990845002323475e+00
5.000000000000000000e+02 6.920601851873333210e+00
5.500000000000000000e+02 6.078512751967672045e+00
6.000000000000000000e+02 5.395894630584544771e+00
6.500000000000000000e+02 4.832990852176746621e+00
7.000000000000000000e+02 4.362032210957196732e+00
7.500000000000000000e+02 3.963074844809406638e+00
8.000000000000000000e+02 3.621451125328452925e+00
8.500000000000000000e+02 3.326150171142322254e+00
9.000000000000000000e+02 3.068756487416005818e+00
9.500000000000000000e+02 2.842735676557091473e+00
1.000000000000000000e+03 2.642941440662839092e+00
