1.000000000000000000e+02 5.690160304245798217e-01
1.500000000000000000e+02 3.382027993317118231e-01
2.000000000000000000e+02 2.330989352249955571e-01
2.500000000000000000e+02 1.742264410846940947e-01
3.000000000000000000e+02 1.370817317510410194e-01
3.500000000000000000e+02 1.117506350156535766e-01
4.000000000000000000e+02 9.350269909212247099e-02
4.500000000000000000e+02 7.980990845008632817e-02
5.000000000000000000e+02 6.920601851917154712e-02
5.500000000000000000e+02 6.078512752006216824e-02
6.000000000000000000e+02 5.395894630511778589e-02
6.500000000000000000e+02 4.832990852165251067e-02
7.000000000000000000e+02 4.362032210891427647e-02
7.500000000000000000e+02 3.963074844869116792e-02
8.000000000000000000e+02 3.621451125400237253e-02
8.500000000000000000e+02 3.326150171118602561e-02
9.000000000000000000e+02 3.068756487481717060e-02
9.500000000000000000e+02 2.842735676566151073e-02
1.000000000000000000e+03 2.642941440698427444e-02
