1.000000000000000000e+02 5.690160304243070641e+03
1.500000000000000000e+02 3.382027993260695439e+03
2.000000000000000000e+02 2.330989352280661024e+03
2.500000000000000000e+02 1.742264410849402793e+03
3.000000000000000000e+02 1.370817317507212920e+03
3.500000000000000000e+02 1.117506350170710903e+03
4.000000000000000000e+02 9.350269909371297672e+02
4.500000000000000000e+02 7.980990845026587976e+02
5.000000000000000000e+02 6.920601851887211069e+02
5.500000000000000000e+02 6.078512751949160702e+02
6.000000000000000000e+02 5.395894630414737776e+02
6.500000000000000000e+02 4.832990852206196450e+02
7.000000000000000000e+02 4.362032210912871051e+02
7.500000000000000000e+02 3.963074844817458597e+02
8.000000000000000000e+02 3.621451125328455305e+02
8.500000000000000000e+02 3.326150171118699177e+02
9.000000000000000000e+02 3.068756487422244845e+02
9.500000000000000000e+02 2.842735676577323716e+02
1.000000000000000000e+03 2.642941440678952176e+02
