1.000000000000000000e+02 5.690160304229863566e-05
1.500000000000000000e+02 3.382027993284600554e-05
2.000000000000000000e+02 2.330989352283999687e-05
2.500000000000000000e+02 1.742264410858350001e-05
3.000000000000000000e+02 1.370817317521229705e-05
3.500000000000000000e+02 1.117506350164578767e-05
4.000000000000000000e+02 9.350269909382406659e-06
4.500000000000000000e+02 7.980990844936830024e-06
5.000000000000000000e+02 6.920601851827398203e-06
5.500000000000000000e+02 6.078512752010741228e-06
6.000000000000000000e+02 5.395894630608371758e-06
6.500000000000000000e+02 4.832990852262284170e-06
7.000000000000000000e+02 4.362032210934157559e-06
7.500000000000000000e+02 3.963074844834275810e-06
8.000000000000000000e+02 3.621451125334316305e-06
8.500000000000000000e+02 3.326150171055848059e-06
9.000000000000000000e+02 3.068756487468420628e-06
9.500000000000000000e+02 2.842735676632547411e-06
1.000000000000000000e+03 2.642941440638389366e-06
