1.000000000000000000e+02 5.690160304217131343e+05
1.500000000000000000e+02 3.382027993236541515e+05
2.000000000000000000e+02 2.330989352253358520e+05
2.500000000000000000e+02 1.742264410825604282e+05
3.000000000000000000e+02 1.370817317501879006e+05
3.500000000000000000e+02 1.117506350152562372e+05
4.000000000000000000e+02 9.350269909182858828e+04
4.500000000000000000e+02 7.980990847851891886e+04
5.000000000000000000e+02 6.920601851878297748e+04
5.500000000000000000e+02 6.078512752040020132e+04
6.000000000000000000e+02 5.395894630425163632e+04
6.500000000000000000e+02 4.832990852193672617e+04
7.000000000000000000e+02 4.362032210893031151e+04
7.500000000000000000e+02 3.963074844835481781e+04
8.000000000000000000e+02 3.621451125410765962e+04
8.500000000000000000e+02 3.326150171105705522e+04
9.000000000000000000e+02 3.068756487424242368e+04
9.500000000000000000e+02 2.842735676616154524e+04
1.000000000000000000e+03 2.642941440701263855e+04
